93.53328079	0.96113877	2.806750107	0.03235476	0.358148295	80.81	75.836	84.4769	39.4878	36.6529	34.6248	1559.29	1343.43	1198.88	1.1809	0.913154	0.469796	127.472	38.4863	87.3492	59.8671	14.6813	38.9121	3584.07	215.54	1514.15	-1.35809	0.45462	0.885375	3.527680000000000000e+05	2.044512888538983775e-01	1.109068434139919880e-02	0
120.1766941	0.942138929	3.482427343	0.034528273	0.34053762	53.12	64.2531	88.6655	33.1232	35.5471	37.9932	1097.14	1263.59	1443.48	1.06919	0.691802	0.112515	10.4342	108.612	88.6673	16.2093	33.9858	37.99	262.74	1155.04	1443.24	9.69649	-0.619778	0.112852	6.304600000000000000e+04	2.464223842247885154e-01	5.836734030272977373e-03	0
107.90799	0.931738978	2.959876239	0.032183162	0.354210177	108.34	105.825	128.599	36.8619	27.9473	17.1671	1358.8	781.054	294.708	0.446251	-0.00187389	-1.17167	80.4684	60.5081	131.993	77.3422	30.4086	23.1874	5981.82	924.681	537.656	0.111761	0.445252	0.430415	2.248250000000000000e+05	1.638152318949475383e-01	1.910413493566421456e-02	1
112.5416921	0.95800176	3.222129808	0.027304405	0.332049517	75.34	100.25	138.12	38.0249	39.4186	37.1481	1445.89	1553.82	1379.98	1.16238	0.490151	-0.262342	11.7295	121.298	138.12	6.51615	34.9727	37.1477	42.4602	1223.09	1379.95	19.1945	-0.993093	-0.262337	2.745290000000000000e+05	2.402795970700498940e-01	2.402123424021234202e-02	0
35.17379727	0.984652436	3.07732802	0.02783942	0.33763888	154.03	127.533	187.463	38.2261	34.1646	30.2091	1461.23	1167.22	912.589	-0.24532	-0.0392199	-1.55604	74.9707	34.3531	92.5808	77.8394	44.8097	99.1033	6058.97	2007.91	9821.47	0.125058	1.14112	0.300132	2.694840000000000000e+05	8.345395900418913770e-01	2.778388571897093262e-02	1
115.0916389	0.879700671	3.70597903	0.033509634	0.293392517	80.21	92.8986	114.792	28.343	22.0564	12.5858	803.326	486.483	158.402	0.59181	0.434979	0.0516817	19.7855	82.036	114.996	32.7542	41.9672	12.9815	1072.84	1761.24	168.518	3.67883	-0.339005	0.181451	5.658600000000000000e+04	2.276501927573949258e-01	6.620834769359139685e-03	0
154.0306468	0.912114638	3.988050518	0.027791701	0.288752969	84.04	90.0613	106.758	37.651	30.2215	19.3395	1417.6	913.342	374.017	0.543671	0.296607	-0.263578	34.2139	72.2097	109.159	49.101	41.7149	23.419	2410.91	1740.13	548.451	1.62194	-0.0544376	0.390498	7.304000000000000000e+04	2.091723767610345064e-01	5.213822954874432897e-03	0
95.82334619	0.957139214	2.644813638	0.031055823	0.382505877	72.45	97.601	146.42	34.9438	35.7426	30.9753	1221.07	1277.53	959.47	1.09182	0.325665	-0.528206	10.9979	134.46	146.42	13.3977	34.571	30.9753	179.499	1195.15	959.47	11.7202	-1.177	-0.528206	2.588360000000000000e+05	2.270539152855281517e-01	2.160243844224546406e-02	0
87.9581078	0.9398688	2.773282929	0.032968851	0.37454137	74.81	96.6271	134.516	29.366	28.1903	19.7726	862.362	794.695	390.955	0.497216	-0.0620241	-0.560585	11.4385	117.864	134.516	9.18792	36.8501	19.7726	84.4179	1357.93	390.955	16.213	-0.525141	-0.560585	1.789150000000000000e+05	1.855304827932718614e-01	4.043371768570243330e-02	0
137.8400126	0.91137568	3.750370078	0.029454068	0.316981786	73.40	89.9958	115.984	29.8985	28.9585	23.1472	893.923	838.596	535.792	0.25439	-0.0697781	-0.795199	12.0008	99.9302	115.984	3.39543	37.3491	23.1468	11.5289	1394.95	535.775	13.7694	-0.323654	-0.795067	5.954000000000000000e+04	2.006651024555860252e-01	2.055351000017286225e-02	0
91.71220921	0.923848129	2.044702471	0.051097181	0.512223712	72.84	97.5848	134.564	26.5781	24.9191	17.3229	706.395	620.963	300.083	-0.107607	-0.64941	-1.23073	12.1784	121.246	134.564	3.83544	36.7323	17.3229	14.7106	1349.26	300.083	29.0982	0.184589	-1.23073	1.223290000000000000e+05	1.909720660550814075e-01	6.567542338978530139e-03	0
113.6108321	0.910524952	3.790355905	0.030826232	0.300912762	74.63	78.0057	120.461	30.328	25.4662	24.9014	919.786	648.525	620.079	0.398002	0.205097	-0.313595	58.864	105.325	120.461	80.1965	31.6516	24.9014	6431.48	1001.82	620.079	0.775302	-0.120721	-0.313595	4.652900000000000000e+04	1.997472777771080454e-01	8.936510759381113486e-03	0
118.7717073	0.960862975	2.582748169	0.05663688	0.440592189	52.83	62.3538	84.8038	39.371	43.9798	54.8131	1550.08	1934.22	3004.48	1.76081	1.42396	0.850336	13.0204	89.7479	84.8269	19.8499	41.7083	54.7895	394.018	1739.58	3001.89	6.91945	0.0566879	0.851505	2.015490000000000000e+05	2.188364751226195837e-01	6.837383064637940662e-03	1
113.1188614	0.856462911	2.170215637	0.050546073	0.494028262	109.90	127.947	155.609	26.9138	17.548	11.061	724.353	307.933	122.346	-0.243348	-0.374738	-0.555576	13.2502	77.1448	155.609	19.2112	33.0109	11.061	369.071	1089.72	122.346	8.10431	0.368269	-0.555576	2.158610000000000000e+05	1.965815396907030776e-01	5.640999101392136714e-03	0
101.366661	0.940644987	2.894595416	0.033205148	0.374376906	67.12	91.3609	138.608	34.4166	30.2777	20.1551	1184.5	916.738	406.227	0.709192	0.231019	-0.0416373	10.8251	137.334	138.608	11.7935	44.7752	20.1552	139.086	2004.81	406.23	13.3012	-0.58047	-0.0416281	1.456550000000000000e+05	2.302527778451577689e-01	7.188520700147958166e-03	0
132.4880467	0.946539652	2.606236739	0.048634275	0.435726291	81.14	79.2063	96.0467	42.3354	38.198	34.3128	1792.28	1459.09	1177.37	1.52471	1.07721	0.465227	91.5902	60.9329	98.6794	77.7993	23.9022	39.5755	6052.74	571.315	1566.22	-0.1469	-0.127579	0.902668	1.653120000000000000e+05	2.281104621563982693e-01	1.316024021587465509e-02	0
68.55322449	0.954607457	2.803414148	0.035886284	0.366622282	56.86	75.7517	119.673	27.0683	29.4363	24.6609	732.695	866.494	608.158	0.868745	0.446492	0.000547404	9.83958	139.346	119.673	12.5885	32.7	24.6609	158.471	1069.29	608.158	12.6308	-0.722176	0.000547404	2.390580000000000000e+05	2.234867991577526580e-01	2.357327458373935369e-02	0
72.45523654	0.927381491	1.833586215	0.047980498	0.516159613	89.41	109.561	147.754	26.4608	21.8678	14.5513	700.173	478.203	211.741	0.0736654	-0.156283	-0.398047	10.394	103.396	147.754	6.27663	32.7176	14.5513	39.3961	1070.44	211.741	23.8037	0.0490798	-0.398047	3.626340000000000000e+05	1.739875609612571983e-01	1.868585253342067501e-02	0
58.52329541	0.960290803	2.412239648	0.04139548	0.403422093	65.87	80.6097	128.387	25.7876	29.4531	27.265	664.999	867.487	743.381	1.33555	0.819639	0.201608	10.8804	127.542	128.387	25.743	24.4069	27.265	662.701	595.696	743.381	6.25676	-1.15845	0.201608	4.661730000000000000e+05	2.058411373317403925e-01	2.583021087066898758e-02	0
65.19191368	0.949714263	2.454295515	0.042373356	0.419628832	58.72	69.886	133.27	26.6629	27.1857	25.573	710.909	739.063	653.98	1.10612	0.653096	0.0882533	11.2047	147.247	133.27	33.3392	29.0371	25.573	1111.5	843.156	653.98	4.77256	-0.931693	0.0882533	2.879480000000000000e+05	1.919636193812105374e-01	5.706415628001224039e-02	0
78.97569568	0.880313843	2.607493472	0.04248461	0.38787017	82.99	109.443	162.41	22.8988	17.4811	11.1108	524.356	305.59	123.449	0.329121	-0.0159062	-0.380342	10.7504	126.428	162.41	12.3276	27.8033	11.1108	151.969	773.024	123.449	13.0865	-0.240401	-0.380342	3.885730000000000000e+05	1.342825346702989087e-01	7.360562990862874744e-02	0
61.38630438	0.946535773	2.358839001	0.037918156	0.410741106	73.57	95.0892	138.967	27.9796	23.8183	15.737	782.858	567.313	247.653	-0.0267835	-0.265991	-0.587471	9.96397	124.105	138.967	5.66956	38.6278	15.737	32.1439	1492.11	247.653	26.518	0.215375	-0.587471	4.605840000000000000e+05	1.602348212961648144e-01	1.320965107907352484e-02	1
54.20969445	0.931445186	1.442889653	0.05725386	0.592416381	80.09	94.1505	139.023	21.9075	20.2227	15.2963	479.936	408.959	233.975	0.548278	0.207409	-0.405228	7.88401	110.369	139.023	12.0949	25.1643	15.2963	146.288	633.241	233.975	13.5963	-0.471639	-0.405228	2.716820000000000000e+05	2.274768879704975322e-01	4.417814344482203642e-02	0
99.08620671	0.722975598	1.685414229	0.077886728	0.589829509	142.01	144.37	176.469	13.6514	11.1442	4.98276	186.362	124.194	24.8279	-0.378202	-0.446289	-0.60441	52.0638	51.2513	176.469	77.9399	14.6417	4.98276	6074.63	214.378	24.8279	0.975073	0.419053	-0.60441	3.366050000000000000e+05	1.586211489146494014e-01	2.951992843653712326e-02	0
53.83296627	0.920317935	1.683012227	0.055714602	0.525629877	98.66	96.364	189.258	20.863	18.3277	11.9859	435.265	335.905	143.661	-0.357328	-0.464174	-2.18792	95.0683	128.55	189.258	88.0423	20.1158	11.9859	7751.44	404.646	143.661	-0.130146	0.402825	-2.18792	3.471630000000000000e+05	2.026305635355440948e-01	4.101510714858033757e-02	0
51.72028384	0.899298742	1.182752124	0.074471427	0.664427134	106.86	110.5	154.781	20.3056	14.8156	8.08254	412.316	219.503	65.3275	-0.229755	-0.294655	-0.422776	65.0508	82.3078	154.781	82.6567	23.3811	8.08254	6832.12	546.676	65.3275	0.616	0.331778	-0.422776	5.017800000000000000e+05	2.061651594591007997e-01	1.064983511165928584e-02	1
62.62081256	0.93225331	1.674423651	0.050259762	0.541721373	80.66	103.163	143.56	22.9602	21.7168	15.2838	527.172	471.621	233.594	0.23534	-0.229195	-0.656738	10.8313	114.246	143.56	4.17255	26.9605	15.2838	17.4101	726.868	233.594	32.0554	-0.278923	-0.656738	2.569230000000000000e+05	2.426654773801647236e-01	8.689141528579590740e-03	0
68.19567622	0.964569129	2.340915098	0.048055138	0.446116772	63.64	72.6641	103.079	28.6399	33.6488	39.0233	820.241	1132.24	1522.82	1.40163	0.970331	0.33707	31.7871	97.2113	103.079	60.4512	28.0655	39.0231	3654.35	787.671	1522.8	1.97146	-0.261574	0.337093	3.827170000000000000e+05	1.945834073020772936e-01	1.294064206712231858e-02	0
61.67723658	0.969732219	1.895665714	0.056703961	0.50629619	46.35	55.5258	93.1271	29.8785	35.8185	46.3378	892.727	1282.97	2147.19	2.00718	1.78842	0.977524	17.8772	129.157	93.128	44.2544	30.3556	46.3368	1958.45	921.464	2147.1	3.29595	-0.27814	0.977603	6.685360000000000000e+05	2.025076248204724372e-01	1.290528881541636030e-02	1
20.84918201	0.995799062	1.651444554	0.032613876	0.489932428	131.31	110.246	150.694	53.5726	48.6861	49.3047	2870.03	2370.33	2430.95	-0.346606	-0.201696	-0.175706	155.441	100.268	105.305	35.0334	41.2697	23.4788	1227.34	1703.19	551.252	-3.63687	0.333681	0.407735	8.431530000000000000e+05	7.941119389784131455e-01	1.374202286096145448e-02	1
31.41255502	0.992276253	2.383885199	0.03068361	0.402252743	117.20	114.579	158.589	50.3494	44.6207	33.7132	2535.06	1991.01	1136.58	-0.404594	-0.463499	-0.871651	79.6193	127.166	130.419	84.9664	44.2149	32.0493	7219.29	1954.95	1027.16	0.22121	0.156689	-0.120406	5.523480000000000000e+05	7.230912588824840448e-01	2.283931107890042889e-02	1
70.42573215	0.860291972	2.560856437	0.05110636	0.430396409	92.90	110.43	154.843	18.3518	15.1975	10.7469	336.789	230.965	115.496	-0.148241	-0.283018	-1.10724	8.62974	103.194	154.843	6.19729	21.8988	10.7469	38.4064	479.556	115.496	24.9901	0.220627	-1.10724	3.926430000000000000e+05	1.827843833230139992e-01	1.172645820774791126e-02	0
70.9712989	0.948298216	2.483444161	0.044715042	0.412271064	71.31	78.4469	109.651	32.7714	28.0167	21.3515	1073.97	784.935	455.887	1.1822	1.04472	0.311865	53.338	98.9391	110.312	71.4745	46.501	22.1759	5108.6	2162.34	491.771	0.948563	0.0260763	0.600006	3.455440000000000000e+05	1.965557249815840790e-01	1.662353175393191385e-02	0
58.73362185	0.936761956	1.841931695	0.046879259	0.500898874	137.29	116.254	126.003	27.6315	20.9635	13.9827	763.502	439.468	195.517	-0.0424432	0.0641746	-0.0826545	136.236	44.56	140.161	24.275	12.3338	23.9827	589.274	152.123	575.169	-2.15912	0.147906	0.301205	7.507370000000000000e+05	2.145544499824586504e-01	2.013939995093804239e-02	1
29.59843005	0.993118983	2.225191997	0.028769242	0.401632287	135.23	113.948	121.27	55.8325	44.4367	36.9777	3117.27	1974.62	1367.35	-0.0347287	-0.180463	-0.566045	98.892	46.5526	93.6238	64.3564	41.3842	71.0729	4141.75	1712.65	5051.36	-0.690927	1.12492	0.104363	6.645690000000000000e+05	7.352425877537723808e-01	1.913932638866881752e-02	1
73.22343885	0.96401059	2.123247706	0.039514589	0.446770146	94.75	85.9079	101.072	37.8849	32.7296	29.1564	1435.27	1071.23	850.096	0.939108	0.718902	0.20582	130.624	51.654	105.326	58.1975	19.411	34.0734	3386.94	376.787	1160.99	-1.50236	0.331916	0.722278	5.330590000000000000e+05	1.781605390137422085e-01	2.763379257036329903e-02	0
82.99095558	0.964020952	2.618050386	0.030025302	0.390158247	94.91	98.6499	127.694	39.7484	34.4942	28.4717	1579.94	1189.85	810.637	0.51509	0.0716076	-1.35248	53.2471	76.1361	128.59	72.7046	38.2952	29.7487	5285.96	1466.52	884.983	0.910169	0.146074	-0.960578	6.433040000000000000e+05	1.457757641372190160e-01	2.116480217081336337e-02	0
79.76715147	0.964532265	2.620424523	0.046228607	0.409617095	69.50	69.3175	86.5449	37.071	36.2052	37.0915	1374.26	1310.82	1375.78	1.64836	1.39878	0.729007	86.9367	65.3164	88.0363	76.8545	33.2884	37.9953	5906.61	1108.12	1443.64	-0.0401029	0.369399	0.82976	3.723470000000000000e+05	2.271821619628812960e-01	9.334331889768052387e-04	0
77.87528269	0.927545629	1.62309028	0.063232643	0.592910981	128.76	113.056	113.71	33.8439	20.496	11.0604	1145.41	420.086	122.333	-0.463902	-0.698635	-0.90498	98.0491	46.4948	133.344	49.8817	19.5373	27.2052	2488.19	381.707	740.122	-1.0056	0.0345619	-0.1302	2.912290000000000000e+05	2.102273385146403162e-01	2.391070000347741281e-02	1
78.94889678	0.940136886	2.186627318	0.052920431	0.490880709	70.10	66.8926	76.5961	29.2655	27.1427	27.2123	856.467	736.728	740.508	1.0329	0.779395	0.282641	117.111	39.9085	78.0516	68.3504	17.5905	28.9766	4671.78	309.426	839.641	-0.919826	0.190857	0.522357	1.156140000000000000e+05	2.089409990158792585e-01	2.418621888483971430e-02	0
90.61040779	0.958179304	2.528341948	0.034913934	0.43175454	114.93	91.6234	115.527	37.7263	32.8688	32.0274	1423.28	1080.36	1025.75	0.358148	0.279972	-0.404767	149.294	67.342	122.111	16.3225	19.7647	34.7431	266.425	390.642	1207.08	-1.615	0.263219	0.109513	4.309190000000000000e+05	1.556276918806951681e-01	1.790855505718244242e-02	0
98.27014476	0.95839205	3.148057652	0.034524634	0.383281941	71.50	85.8738	126.84	38.1979	36.6344	38.0833	1459.08	1342.08	1450.34	1.5547	1.05555	0.101392	21.0186	114.548	126.907	44.1849	43.0269	38.0923	1952.3	1851.31	1451.02	3.05126	-0.482574	0.112082	6.863400000000000000e+05	1.655642723679600359e-01	1.831814172302264005e-03	1
75.76766974	0.968220333	2.247868228	0.03872329	0.428219106	77.74	100.834	149.909	35.6123	37.1822	36.1994	1268.23	1382.52	1310.4	1.57359	0.937113	0.233946	11.5192	125.641	149.91	20.443	34.158	36.2003	417.915	1166.77	1310.46	7.7362	-0.761599	0.234069	8.483780000000000000e+05	1.582313211936210162e-01	1.753695239526923549e-02	0
75.32963405	0.975145164	2.579714349	0.030885445	0.398224314	69.11	85.969	128.669	42.2002	40.4046	34.976	1780.85	1632.53	1223.32	0.888581	0.439713	-0.445799	13.563	127.197	128.671	28.9497	47.304	34.979	838.086	2237.67	1223.53	5.26034	-0.730616	-0.445285	4.996910000000000000e+05	2.253614515316536004e-01	2.273489018200026621e-03	0
67.26044835	0.900833693	1.730223562	0.054617157	0.52430414	141.20	123.126	125.715	27.5413	16.707	8.38272	758.526	279.125	70.27	0.3942	0.131026	-0.123399	128.808	39.1512	143.424	30.2127	17.8	24.8037	912.805	316.84	615.223	-1.84936	1.1169	0.732945	5.648550000000000000e+05	1.977666688070663370e-01	2.563479485195713919e-02	1
68.3882302	0.968863786	1.723996474	0.043859267	0.531734722	66.72	78.441	115.31	33.8292	34.4584	35.2571	1144.42	1187.38	1243.06	0.802132	0.331895	-0.248034	11.9856	113.502	115.31	29.4551	32.963	35.2562	867.604	1086.56	1243	5.36653	-0.631979	-0.247888	3.093460000000000000e+05	2.372585300036405553e-01	2.203392046866214232e-03	0
75.08401281	0.961148077	2.328511613	0.058047624	0.478489212	49.39	57.1104	79.2687	29.1955	33.6762	43.6778	852.377	1134.09	1907.75	1.36132	0.862787	0.300681	28.9936	88.3338	79.4256	53.7012	42.1356	43.5439	2883.81	1775.41	1896.07	2.11911	-0.397126	0.302267	1.992360000000000000e+05	2.061527892028605369e-01	1.483821656050955499e-02	0
86.83784831	0.958639429	3.275622118	0.028394852	0.323213311	76.14	100.16	149.498	34.011	32.8157	28.5521	1156.75	1076.87	815.221	-0.0780862	-0.570593	-1.18808	9.89834	131.648	149.498	6.87389	39.3718	28.5521	47.2504	1550.14	815.221	22.262	0.262985	-1.18808	5.507120000000000000e+05	9.250145687640062842e-02	2.668545794530264095e-02	1
129.5897429	0.847539181	2.241662251	0.054772494	0.538580605	117.38	123.335	169.526	23.3175	19.4976	11.4306	543.707	380.156	130.659	-0.445405	-0.602895	-1.63115	32.2183	80.5484	169.526	63.9714	25.6517	11.4306	4092.34	658.007	130.659	1.82659	0.451773	-1.63115	3.403370000000000000e+05	7.682697498241745915e-02	7.024440778344326342e-02	0
65.68220395	0.952852231	2.061195871	0.040639492	0.468036292	78.48	92.0758	150.057	26.8393	27.1446	25.7906	720.349	736.83	665.157	0.321276	-0.0363198	-0.439775	7.47354	125.345	150.057	17.3989	24.7947	25.7906	302.722	614.776	665.157	9.58775	-0.3484	-0.439775	4.126690000000000000e+05	1.735718485275014600e-01	1.729389824610415641e-02	0
74.06615266	0.947308072	2.103930875	0.042055548	0.441030869	109.18	123.384	194.645	25.5869	28.5391	24.4953	654.692	814.479	600.021	1.13313	0.904853	0.136456	7.77156	113.301	194.645	22.2122	18.5274	24.4953	493.38	343.266	600.021	7.44655	-0.805063	0.136456	9.033430000000000000e+05	1.961374365593038238e-01	1.040461138798764659e-02	0
61.4243924	0.96576657	1.695862146	0.041533495	0.529680105	87.18	99.8476	152.591	28.5286	30.6424	31.7947	813.88	938.955	1010.9	0.0830499	-0.317131	-0.986291	15.3156	112.502	152.591	39.094	22.9058	31.7947	1528.34	524.674	1010.9	3.89145	-0.182498	-0.986291	5.870770000000000000e+05	1.842461230512369152e-01	2.672129090155775377e-02	0
55.03783127	0.946954982	1.564735084	0.049650415	0.554892805	73.97	96.6985	140.137	25.2742	23.0067	16.6309	638.785	529.31	276.587	0.21237	-0.12048	-0.63329	10.3086	123.833	140.137	1.33634	31.5641	16.6309	1.78581	996.29	276.587	-0.301017	-0.133744	-0.63329	2.968250000000000000e+05	2.227739547153760047e-01	5.770889221424213567e-03	1
60.58579048	0.936532375	1.707842585	0.049826807	0.525403649	97.76	112.203	148.36	24.7077	22.1793	15.3233	610.47	491.921	234.803	-0.00113845	-0.252306	-0.935884	8.74603	89.4271	148.36	6.70718	28.2983	15.3233	44.9862	800.795	234.803	22.7965	0.320083	-0.935884	5.856170000000000000e+05	1.937781359227548628e-01	5.737916774360299864e-03	0
65.54223652	0.924883284	1.920296797	0.04686448	0.48600074	94.35	119.308	160.202	25.9613	19.8985	12.4287	673.989	395.948	154.471	0.0123409	-0.260142	-0.512569	11.24	107.033	160.202	3.098	31.0712	12.4287	9.5976	965.418	154.471	35.4657	0.0422379	-0.512569	5.360440000000000000e+05	1.737628687414866369e-01	3.521670805744713667e-02	1
75.47168221	0.924246646	2.053107845	0.051381289	0.486607304	75.69	91.8441	168.52	29.0703	23.3016	12.425	845.083	542.963	154.382	0.880846	0.827905	0.551742	10.8326	142.523	168.52	30.9459	35.4281	12.425	957.649	1255.15	154.382	5.1857	-0.44309	0.551742	3.224940000000000000e+05	2.468573483064957497e-01	2.044282871335224155e-02	0
52.34475208	0.964331494	1.696138701	0.048845105	0.520841802	65.13	83.0897	130.049	25.7192	28.8248	25.7265	661.478	830.872	661.852	0.841341	0.472848	0.135992	8.2384	131.438	130.049	4.32013	25.0857	25.7265	18.6635	629.292	661.852	27.2448	-0.848023	0.135992	3.828880000000000000e+05	2.292198286082195724e-01	1.832158940117817325e-02	0
61.13506726	0.941969058	1.567837323	0.059741536	0.555779734	80.07	93.0554	135.476	21.4571	24.9301	25.7349	460.406	621.511	662.284	1.45046	1.04203	0.35485	9.14664	105.21	135.476	20.2837	17.949	25.7349	411.428	322.168	662.284	8.04108	-0.447249	0.35485	4.840370000000000000e+05	2.206254828339859475e-01	1.905669465707750254e-02	0
85.87664637	0.946465282	2.396347395	0.039883761	0.446915186	60.67	72.7571	109.973	27.9072	30.268	31.6081	778.812	916.154	999.07	0.767715	0.439361	-0.122194	10.7643	119.322	109.973	24.7297	27.8228	31.6077	611.56	774.109	999.044	6.53403	-0.469606	-0.122115	1.385020000000000000e+05	1.698807014208157939e-01	2.441307118019308761e-02	0
59.1374917	0.974182366	2.039768498	0.041364042	0.462271029	65.21	77.5722	127.661	30.0829	36.4085	41.1127	904.984	1325.58	1690.26	1.116	0.63686	-0.140349	33.1467	127.63	127.663	61.8455	28.9474	41.1094	3824.86	837.949	1689.99	1.86398	-0.687397	-0.139998	5.666640000000000000e+05	1.940759650284603899e-01	4.695017712060062069e-03	0
53.26521866	0.968164096	2.004072283	0.049814477	0.475557388	59.42	68.5139	121.84	29.7848	31.3466	27.7422	887.134	982.612	769.628	1.50744	1.05827	0.404512	24.9642	136.584	121.84	55.4955	32.2941	27.7422	3079.75	1042.91	769.631	2.38068	-1.09046	0.40452	5.627240000000000000e+05	2.067593413476916109e-01	8.363437525211327161e-03	0
54.49345325	0.957445432	1.815819106	0.054611438	0.507546728	59.92	72.1167	109.537	25.372	27.7724	27.9644	643.737	771.304	782.01	1.574	1.08473	0.417885	10.2512	118.536	109.537	23.6531	26.3676	27.9644	559.468	695.248	782.01	6.8229	-0.750135	0.417885	4.490810000000000000e+05	1.795651782418976050e-01	1.335889888105719001e-02	0
93.88507865	0.96044406	2.430183112	0.040479864	0.428958527	58.60	72.9061	109.886	33.633	38.0115	45.6833	1131.18	1444.88	2086.96	1.57781	0.968201	0.161118	20.0624	117.786	109.891	43.7535	40.0366	45.6767	1914.37	1602.93	2086.36	3.2258	-0.271306	0.16155	2.883040000000000000e+05	2.009893916246133228e-01	7.276926715921581967e-03	0
81.60373569	0.958319284	2.402769566	0.03693495	0.431068629	73.01	81.4193	113.246	33.5637	32.9297	30.0529	1126.52	1084.36	903.174	0.73148	0.422377	-0.188897	23.0146	97.2655	113.248	50.8105	35.9659	30.0499	2581.7	1293.54	902.997	2.6763	-0.27155	-0.187954	1.832630000000000000e+05	2.385114544312805784e-01	2.812503460265083910e-03	0
131.2908043	0.952405205	3.964017885	0.027535408	0.267373086	61.53	91.2437	143.384	43.0395	40.7237	32.7616	1852.39	1658.42	1073.32	1.74399	0.992496	0.126087	11.5707	153.227	143.384	13.3628	45.3271	32.7617	178.566	2054.55	1073.33	11.5609	-1.52198	0.126107	2.607430000000000000e+05	2.404294452289565120e-01	3.593576578884050739e-03	0
121.2080273	0.908850807	3.225556857	0.035050616	0.385902786	72.56	92.8888	126.363	33.8997	25.8346	15.9008	1149.19	667.428	252.835	0.519122	0.179687	-0.169769	16.8845	114.574	126.363	30.4151	50.1636	15.9011	925.081	2516.39	252.844	4.9015	-0.304847	-0.16966	1.131790000000000000e+05	2.095470844222418194e-01	2.095859663039852799e-02	0
114.1730633	0.883123388	2.888217147	0.043501594	0.421612133	101.68	107.643	139.998	27.2914	21.6132	10.7913	744.822	467.131	116.453	-0.333562	-0.0106105	0.0478691	46.2942	73.4181	139.998	73.1089	37.8196	10.7913	5344.91	1430.32	116.453	1.21771	0.929296	0.0478691	9.464100000000000000e+04	2.480360525843317010e-01	8.826654603221361500e-03	0
93.48520511	0.960211422	3.433943586	0.035375048	0.340274154	41.87	59.7593	83.4766	34.3787	37.8084	43.475	1181.89	1429.47	1890.08	1.32301	0.580129	-0.160836	14.4678	124.798	83.4892	18.4035	57.8506	43.4562	338.688	3346.69	1888.44	7.48024	-0.519273	-0.159836	9.439500000000000000e+04	2.237399691076541464e-01	5.509433145355947976e-03	0
119.7518829	0.942428284	2.623004849	0.060813423	0.409333019	106.07	79.0996	73.5136	37.7844	36.1314	38.022	1427.66	1305.48	1445.67	2.01538	1.7512	1.24135	119.414	89.0478	106.56	15.3503	38.4129	37.6961	235.633	1475.55	1421	0.513181	-0.190517	1.99879	2.688420000000000000e+05	2.329649213163869359e-01	1.251397561093384875e-02	0
167.1812391	0.941951375	4.725649446	0.023689703	0.293709094	110.07	99.2021	102.537	46.3933	37.241	31.6327	2152.34	1386.89	1000.63	0.186469	-0.137056	-0.636773	105.966	43.8327	115.504	54.9122	23.3845	42.8119	3015.35	546.834	1832.85	-0.929495	0.898308	0.0956595	2.211640000000000000e+05	1.214139762352843960e-01	8.211835137002072849e-02	1
93.49906624	0.939512894	3.156693168	0.034045649	0.318831219	83.41	107.755	159.832	36.7488	29.372	17.2933	1350.47	862.715	299.057	1.57526	1.03898	0.338375	16.0001	126.321	159.925	30.6421	40.0784	17.5692	938.937	1606.28	308.678	4.59252	-1.09431	0.45183	5.007350000000000000e+05	2.355692570480847070e-01	1.758977737749112995e-03	0
76.35696624	0.823903978	1.57167254	0.067658297	0.590953451	120.98	114.077	164.845	16.5561	14.0417	5.92923	274.103	197.17	35.1558	0.258911	0.11004	-0.0746391	156.631	79.1914	164.845	53.4293	17.8278	5.92924	2854.69	317.829	35.1559	-2.55692	-0.16781	-0.0746409	3.630160000000000000e+05	1.870514283606280470e-01	5.644041811846690210e-02	1
97.5194267	0.891347285	2.960364797	0.038674701	0.37009681	71.51	97.4396	138.034	27.8775	21.1226	12.8033	777.156	446.163	163.926	0.6895	-0.134549	-0.641261	14.8516	126.305	138.035	22.9766	39.4368	12.805	527.924	1555.26	163.967	6.62742	-0.512141	-0.640264	1.516600000000000000e+05	1.810756831223343521e-01	2.395990109653838018e-02	1
59.06311268	0.958336218	2.703236745	0.03469367	0.364241884	97.1114	107.698	137.898	34.5296	24.6858	15.7212	1192.29	609.389	247.155	-0.0852617	-0.557007	-0.868869	14.8531	109.293	129.565	28.2335	34.5767	14.2798	797.133	1195.55	203.913	5.35653	-0.207926	-0.750426	9.846100000000000000e+04	3.934061928722454304e-01	2.483987518475940307e-02	0
50.21999931	0.974100455	3.548939481	0.031103923	0.27234405	26.3133	58.568	108.781	22.2937	34.4545	45.1413	497.007	1187.12	2037.74	1.33196	0.670632	0.0646391	11.0752	196.988	108.781	3.43798	30.5411	45.1413	11.8197	932.759	2037.74	13.9057	-0.329785	0.0646396	9.125180000000000000e+05	2.305250132749518399e-01	6.751911386679317235e-03	0
113.0178331	0.842130079	3.638675553	0.044347761	0.28456368	122.839	141.856	192.966	22.1793	16.886	8.76669	491.92	285.135	76.8549	-1.14632	-1.70297	-2.91838	8.38335	93.459	192.966	9.22409	25.1965	8.76669	85.0838	634.866	76.8549	17.3851	1.04449	-2.91838	3.464850000000000000e+05	1.428138664864999630e-01	1.189132537891002955e-02	0
38.48643219	0.978316153	2.11936203	0.038640262	0.414196038	34.6954	65.0973	126.403	24.1935	32.7537	32.7173	585.327	1072.81	1070.42	0.968522	0.527918	0.0570433	9.73847	191.123	126.403	5.29252	30.7911	32.7173	28.0107	948.093	1070.42	22.141	-0.650776	0.0570433	6.974170000000000000e+05	2.175866571591532905e-01	4.453309628601782519e-03	0
57.40300236	0.964453866	3.523618832	0.028413495	0.292579711	32.6012	65.8563	133.562	24.0323	30.876	30.2289	577.553	953.33	913.784	0.699998	0.091526	-0.439444	9.6412	199	133.562	2.76149	33.2692	30.2289	7.62581	1106.84	913.784	10.2853	-0.399312	-0.439444	3.432530000000000000e+05	2.088243609732070016e-01	4.513062751234721975e-02	0
45.72005304	0.958273155	3.257834583	0.031250612	0.286575609	50.9872	82.3846	151.155	21.9917	24.9628	21.4185	483.634	623.141	458.754	0.742015	0.543551	0.201402	9.36496	171.926	151.155	1.78881	25.2339	21.4185	3.19986	636.752	458.754	-0.0404013	-0.458869	0.201402	1.080867000000000000e+06	1.944264944039834353e-01	2.618776215700736962e-03	0
51.73510061	0.961790782	2.836272381	0.03116347	0.332367243	71.079	92.9176	169.885	24.2641	26.9951	27.4138	588.748	728.737	751.515	0.260964	0.0543599	-0.514766	6.68681	150.94	169.885	5.59753	22.3168	27.4138	31.3324	498.039	751.515	27.0146	-0.203586	-0.514766	1.002835000000000000e+06	2.149069325995069113e-01	1.283951807616132146e-02	0
65.02950067	0.964308827	3.370133383	0.034588437	0.307997807	35.4032	54.5913	123.323	25.8597	33.3694	42.7348	668.722	1113.52	1826.26	1.48851	1.09974	0.1951	8.55276	186.532	123.323	20.4126	31.0705	42.7348	416.673	965.375	1826.26	8.03583	-0.736294	0.1951	6.160800000000000000e+05	1.927300138269958385e-01	3.172250707865039571e-02	0
58.83543826	0.974781968	2.510908716	0.03584074	0.386000104	39.3019	61.0162	124.897	27.4349	36.9333	49.4839	752.673	1364.07	2448.66	0.819067	0.33009	-0.324949	12.6837	180.878	124.897	30.7722	30.3392	49.4839	946.929	920.466	2448.66	5.12599	-0.339468	-0.324949	3.734710000000000000e+05	1.863942742887507720e-01	4.046828359219671947e-03	0
29.49244279	0.884183714	2.926977769	0.048228845	0.30765178	130.071	141.098	200.262	15.7536	9.83146	6.34938	248.176	96.6577	40.3146	-0.00149281	0.0817056	-0.55473	96.944	96.4216	72.1551	80.8037	53.036	47.0903	6529.24	2812.82	2217.5	-0.182187	1.2357	-0.00679619	4.327490000000000000e+05	8.618941732647673604e-01	8.646535473055225532e-03	0
73.9435207	0.878827033	2.323692814	0.046535656	0.412432545	91.8106	99.3	164.299	17.4226	18.4601	8.24068	303.546	340.776	67.9088	0.321011	0.301617	-0.417485	9.96209	113.542	164.299	33.4751	21.4043	8.24068	1120.58	458.145	67.9088	4.8169	-0.38936	-0.417485	2.932670000000000000e+05	2.368610252628609858e-01	4.752421940520523171e-03	0
54.24854511	0.949428331	2.833199761	0.038503007	0.332828648	45.0614	64.2771	137.399	24.3808	25.2573	19.5027	594.421	637.932	380.356	0.992597	0.88664	0.53847	6.63726	175.321	137.399	9.24091	32.1795	19.5027	85.3944	1035.52	380.356	17.47	-0.583251	0.53847	3.464430000000000000e+05	2.378819200076381091e-01	5.463046414018999687e-03	0
97.6231633	0.883083812	3.197962685	0.037036908	0.32241003	87.0931	119.608	183.7	23.0242	19.6597	10.913	530.116	386.504	119.094	-0.43181	-0.635921	-0.869269	10.1205	135.382	183.7	1.40436	26.9244	10.913	1.97223	724.925	119.094	0.0106501	0.49363	-0.869269	2.272790000000000000e+05	2.116418982489408629e-01	4.843036516941700599e-03	0
82.26880148	0.957109241	3.821819587	0.02625982	0.292403895	40.5048	63.8404	125.914	30.4573	32.7832	33.5369	927.645	1074.74	1124.73	0.660084	0.181701	-0.44244	8.48594	182.719	125.914	9.59232	42.8586	33.5369	92.0126	1836.86	1124.73	16.653	-0.265941	-0.44244	2.181640000000000000e+05	2.099964777776625879e-01	5.232536865600644418e-03	0
71.77512096	0.94011819	2.8835395	0.034599689	0.34015971	69.8339	95.446	195.36	26.6986	24.2285	20.1637	712.813	587.023	406.574	-0.145592	-0.508989	-0.971608	6.15679	166.317	195.36	4.3662	27.927	20.1637	19.0637	779.918	406.574	34.6224	0.227921	-0.971608	2.373990000000000000e+05	2.205104731404288199e-01	3.349801332856812419e-02	0
71.88000297	0.957103149	3.728265841	0.030825916	0.291157062	60.6629	71.7884	125.423	28.2167	30.4748	35.7402	796.183	928.711	1277.36	0.932763	0.833533	0.314705	25.1844	135.706	125.431	54.5183	33.0479	35.7513	2972.24	1092.16	1278.15	2.40394	-0.271836	0.315907	7.920080000000000000e+05	1.841283991554668598e-01	8.490204637985870190e-03	0
73.57941549	0.965638914	2.988784857	0.062258457	0.3614616	31.6663	40.9583	79.564	29.6467	35.3704	55.0641	878.925	1251.07	3032.05	0.959554	0.82365	0.393025	27.9986	165.143	79.5986	55.2122	40.4154	55.0224	3048.38	1633.41	3027.46	2.21709	-0.0551537	0.394793	9.318600000000000000e+04	1.925982100848552259e-01	6.959843677959031208e-03	0
71.6445821	0.931233008	3.48398556	0.030894133	0.28530573	85.8317	105.845	164.888	28.2794	23.1786	17.7911	799.724	537.246	316.523	-0.241905	0.186919	-0.52564	11.6013	124.187	164.889	25.9822	37.3103	17.7918	675.075	1392.06	316.549	6.11789	0.386521	-0.525615	9.848480000000000000e+05	1.691995245122732971e-01	1.615683578504339274e-02	0
66.12091307	0.959289657	2.848429067	0.034875237	0.34084375	81.937	85.9487	121.317	29.9387	30.4133	28.5499	896.325	924.97	815.099	1.06609	1.14554	0.713662	56.1494	89.4619	121.388	77.7952	27.1446	28.6801	6052.1	736.829	822.551	0.865261	-0.230219	0.730189	1.186219000000000000e+06	1.772246498321249641e-01	2.638998514746445853e-02	0
58.21983574	0.953621531	3.083827326	0.03188692	0.321077	92.5813	105.338	131.361	28.0233	26.6361	20.7886	785.304	709.484	432.168	0.70266	0.534149	0.266606	35.8853	79.3763	131.446	58.0918	32.4584	20.8979	3374.66	1053.55	436.722	1.90993	0.147073	0.29657	1.534438000000000000e+06	1.913265357736863570e-01	5.320703816775881716e-03	0
89.62859646	0.935516132	3.743659463	0.030567516	0.296665077	65.1954	90.3478	147.376	27.4252	26.2149	26.5879	752.143	687.223	706.918	-0.0417317	-0.382953	-1.41283	9.24322	146.7	147.376	3.21891	33.4298	26.587	10.3614	1117.55	706.871	35.1791	0.207044	-1.4125	1.407430000000000000e+05	1.964150692124504716e-01	9.388957659203278627e-03	0
49.19434593	0.974365537	2.883578204	0.034001899	0.344782822	40.0665	63.0348	137.99	25.37	33.1719	45.5123	643.635	1100.37	2071.37	1.18843	0.8862	0.115313	7.11531	184.803	137.99	7.90002	26.9642	45.5123	62.4104	727.066	2071.37	19.8527	-0.560426	0.115315	1.089719000000000000e+06	2.086323290932002583e-01	1.832962296433705840e-02	0
57.12080969	0.958267126	2.615789516	0.040994499	0.382103127	43.0176	57.2029	105.559	27.6496	28.8334	29.8639	764.499	831.365	891.855	1.83812	1.69903	1.11891	9.93868	158.536	105.559	22.6302	35.5076	29.8648	512.127	1260.79	891.905	7.16842	-0.430481	1.11918	7.732820000000000000e+05	2.296840671219981811e-01	2.005848600699487380e-02	0
64.61766114	0.960802106	3.383424628	0.028500146	0.28897576	41.9418	72.0485	118.061	23.7927	31.1043	35.5349	566.094	967.478	1262.73	0.653284	0.205474	-0.41705	11.6116	169.064	118.061	5.2902	29.847	35.5349	27.9862	890.841	1262.73	22.8422	-0.0560737	-0.41705	3.258070000000000000e+05	1.878543259929796871e-01	1.424526219923474141e-02	0
49.92028649	0.968642288	2.885302297	0.032033937	0.331775405	29.2812	63.9002	125.512	23.0574	31.0948	31.5745	531.644	966.884	996.947	0.82432	0.371164	-0.235557	10.5586	201.926	125.512	2.97951	32.649	31.5745	8.87748	1065.95	996.947	15.7367	-0.460558	-0.235557	4.711200000000000000e+05	1.610862144161681053e-01	1.762267637510277901e-02	0
38.85491089	0.975402617	2.205556326	0.039535397	0.406862522	32.6008	58.423	129.67	21.4594	30.8913	37.0816	460.505	954.275	1375.05	1.10723	0.480896	-0.31002	7.78506	195.252	129.67	7.13693	25.3867	37.0816	50.9358	644.484	1375.05	20.4737	-0.80809	-0.31002	5.076010000000000000e+05	1.874277289545747127e-01	9.125060687821843694e-03	0
84.94417415	0.925956433	3.632295305	0.029661315	0.279140045	84.8809	105.339	191.613	27.5041	23.5094	19.5451	756.475	552.693	382.01	-0.0409838	-0.424607	-0.936663	6.75645	144.331	191.613	14.1843	27.9798	19.5451	201.195	782.867	382.01	11.7697	0.139208	-0.936663	8.978910000000000000e+05	7.400677552971349216e-02	1.587633405461423217e-02	0
72.44263604	0.856638119	2.344219301	0.048713081	0.42532838	80.3622	106.902	168.444	15.3088	16.2677	9.29505	234.358	264.637	86.398	0.148034	-0.11384	-0.366161	9.12832	134.075	168.444	2.07972	17.9449	9.29505	4.32525	322.021	86.398	2.40835	-0.233329	-0.366161	2.229500000000000000e+05	2.405052176947638787e-01	6.556273926762510099e-03	0
69.79571983	0.965988236	3.127105701	0.032093205	0.312757669	80.385	87.0656	144.725	30.4764	33.7972	43.9302	928.808	1142.25	1929.87	1.39265	1.16424	0.478328	47.1068	115.914	144.734	74.7455	24.7128	43.9361	5586.89	610.722	1930.38	1.15151	-0.260544	0.478257	1.604021000000000000e+06	1.617459120772627712e-01	1.092647751416820322e-02	0
37.1055717	0.96985035	3.489748519	0.028159356	0.268762642	98.4268	128.418	181.754	31.204	23.7715	13.5267	973.687	565.085	182.972	0.00838918	-0.290845	-0.699542	10.9378	137.12	176.27	1.44311	26.2733	12.0632	2.08256	690.287	145.522	-0.226209	0.270664	-0.867038	6.360690000000000000e+05	8.080979174204545590e-01	8.927417040613283561e-03	0
36.46982002	0.913684257	1.526388527	0.061589715	0.520770469	110.532	99.039	158.269	10.9571	15.0326	17.1556	120.058	225.98	294.314	-0.255942	-0.32216	-0.708859	167.109	96.1322	158.269	33.5384	9.55696	17.1562	1124.83	91.3355	294.336	-4.69378	0.31295	-0.7084	7.015690000000000000e+05	2.058558651083536861e-01	3.469088609777828871e-03	0
20.5646665	0.988255334	2.239729799	0.033409348	0.370763648	92.0831	120.826	183.042	36.7456	28.7956	15.3693	1350.24	829.187	236.217	0.110051	-0.0574964	-0.357216	9.7917	156.114	174.57	1.41043	26.1175	12.3429	1.98932	682.121	152.347	-0.538822	-0.0505954	-0.102742	1.134850000000000000e+06	6.705417495520349380e-01	2.876489807960187425e-02	0
53.19910516	0.949148278	3.19282468	0.032071302	0.305039458	44.5072	70.0231	150.698	21.8295	23.8612	23.2017	476.529	569.359	538.321	0.129641	-0.318777	-1.12427	7.37077	183.255	150.698	6.9157	28.374	23.2017	47.8269	805.081	538.321	22.7424	0.0199376	-1.12427	1.929100000000000000e+05	2.329260208722978842e-01	2.288197111085394503e-02	0
48.86330136	0.966464327	2.533225329	0.033349959	0.369944811	60.6924	71.1213	113.356	26.105	27.9105	33.543	681.471	778.997	1125.13	0.118342	0.215745	0.00409501	27.1407	122.145	113.368	55.3382	37.7853	33.5243	3062.31	1427.73	1123.88	2.26262	0.460933	0.00579212	4.301850000000000000e+05	2.114767239424272527e-01	1.324521974383181463e-02	0
62.90380209	0.964444841	2.832074212	0.031618324	0.34196298	79.5716	101.865	162.828	29.3475	32.0776	21.0793	861.275	1028.97	444.336	0.459759	0.433814	-0.0370934	9.40395	133.431	162.828	14.5957	32.8993	21.08	213.033	1082.36	444.365	10.6068	-0.167372	-0.0369216	1.254908000000000000e+06	1.715253260782540479e-01	5.767331875056650294e-04	0
48.12555436	0.856107741	2.013669703	0.060750024	0.43987612	99.0114	121.384	172.466	15.869	13.2355	7.02726	251.827	175.18	49.3824	0.904197	0.749567	-0.462765	9.36549	108.664	172.468	4.00087	22.2792	7.02435	16.0069	496.365	49.3415	26.4802	-0.745621	-0.459791	9.296180000000000000e+05	2.319542406886576091e-01	8.959393611261504478e-03	0
61.39082237	0.908814853	3.363315434	0.036296803	0.300399595	84.3981	114.088	181.848	21.3912	18.4384	12.1776	457.584	339.974	148.293	0.310761	0.216601	-1.05739	9.19861	137.727	181.848	2.84458	24.5777	12.1776	8.09163	604.063	148.293	36.4491	-0.324492	-1.05739	1.068598000000000000e+06	1.802430657429502925e-01	1.076851462720095944e-02	0
54.99856574	0.971863721	3.224260695	0.031528954	0.30741348	60.7696	70.3601	144.128	32.6517	31.4189	38.4544	1066.13	987.144	1478.74	0.523412	0.36136	-0.283876	24.4877	155.049	144.128	56.0532	31.9497	38.4544	3141.96	1020.79	1478.74	2.36655	-0.25155	-0.283876	7.402820000000000000e+05	2.218751899117227810e-01	1.649589201798067062e-02	0
46.11636619	0.961669116	2.671043152	0.035321551	0.352470846	49.8238	69.6187	149.809	23.4982	25.899	28.6532	552.167	670.757	821.003	0.870442	0.466209	-0.249389	7.93535	173.352	149.809	19.3716	26.4392	28.6531	375.259	699.03	821.002	8.52145	-0.521164	-0.24939	6.669220000000000000e+05	1.969227182339298443e-01	2.136710131756230490e-03	0
149.7487421	0.90445264	4.565021646	0.030846391	0.262546924	57.9811	69.1822	135.526	28.3263	31.1112	35.7211	802.38	967.907	1276	0.679813	0.709851	0.575566	15.1	151.531	135.526	41.7419	28.1152	35.7211	1742.38	790.466	1276	3.63191	0.144474	0.575566	4.071800000000000000e+04	2.526281093271862677e-01	2.152171160906444017e-03	0
83.02468614	0.944058663	4.468674668	0.027772361	0.271226403	53.3732	73.3325	122.371	26.0147	28.6437	35.5828	676.765	820.464	1266.14	0.84656	0.700549	0.394767	8.97981	147.07	122.372	6.06264	33.4315	35.583	36.7556	1117.66	1266.15	21.9073	-0.287772	0.394774	7.341420000000000000e+05	1.996013897824340244e-01	1.389205442587837860e-02	0
20.15765212	0.986606328	2.393968494	0.042916922	0.358085427	150.084	136.804	176.035	31.2371	26.9835	21.23	975.758	728.108	450.715	-2.30018	-1.95828	-2.84251	51.1196	109.232	124.658	76.9669	41.9311	43.7883	5923.9	1758.21	1917.41	0.998808	0.071433	-0.302862	1.348699000000000000e+06	7.764843364117698377e-01	6.224747718657451349e-03	0
44.7014733	0.965292615	2.946433723	0.031259412	0.317134739	30.2098	66.024	131.085	22.6779	27.4174	24.9344	514.286	751.712	621.723	0.737959	0.258033	-0.418566	10.5453	201.707	131.085	2.10935	33.4472	24.9344	4.44937	1118.72	621.723	4.28924	-0.482868	-0.418566	4.327290000000000000e+05	2.467151876899971452e-01	2.360136597745763828e-02	0
53.34169362	0.957982796	2.786883268	0.058852812	0.361871568	27.2837	41.3157	86.2437	24.1533	28.7182	36.968	583.383	824.734	1366.63	1.79734	1.49222	0.382304	13.3337	175.621	86.2463	31.8357	45.5959	36.964	1013.51	2078.98	1366.33	4.85236	-0.438394	0.382743	2.827910000000000000e+05	1.838700671957411159e-01	5.093378607809847559e-03	0
46.15231323	0.973272023	2.102066254	0.05093508	0.442603983	44.5823	49.1179	65.6601	26.1302	31.3885	48.7824	682.786	985.239	2379.72	1.60532	1.3122	0.550601	53.9301	91.0825	68.6689	55.172	39.2687	45.9698	3043.95	1542.03	2113.22	0.683922	-0.207738	0.63854	6.610770000000000000e+05	2.118421828108462690e-01	3.247961256244319764e-03	0
38.62849188	0.97569476	3.911170257	0.027650332	0.254346812	97.2216	79.795	157.748	32.6856	27.7296	24.0699	1068.35	768.932	579.358	0.718776	0.669675	0.250036	162.237	130.939	154.583	41.3541	29.9746	22.8845	1710.16	898.478	523.702	-3.58634	-0.000596247	0.40393	8.145190000000000000e+05	7.406737130537103253e-01	5.317826289265130402e-04	0
93.04778459	0.91901264	3.470394612	0.031792107	0.306929191	66.4698	95.1052	182.694	25.3566	24.5758	16.4625	642.955	603.972	271.014	0.0551935	0.00119268	-0.496058	7.43332	164.418	182.694	1.34023	28.5153	16.4625	1.7962	813.125	271.014	-0.0647759	0.0601527	-0.496058	1.273760000000000000e+05	2.617929190051031529e-01	5.938507710481785370e-03	0
56.10062472	0.950493754	3.299186777	0.030571879	0.29838838	48.1153	79.8438	155.582	24.0123	25.0771	19.6995	576.593	628.863	388.072	0.359637	0.0156607	-0.540824	8.84244	179.539	155.582	1.65188	30.9988	19.6995	2.72871	960.927	388.072	-0.0949618	-0.170508	-0.540824	3.916900000000000000e+05	1.934905601137741349e-01	4.922063031329732170e-03	0
58.67340313	0.964114328	2.526735682	0.037893573	0.395273986	51.2665	69.6477	104.704	27.0303	30.8113	30.4768	730.637	949.336	928.838	0.814577	0.43667	-0.172946	11.4487	135.704	104.704	15.4222	34.8627	30.4768	237.844	1215.4	928.835	10.1224	-0.405518	-0.172916	2.322100000000000000e+05	1.945825291288797998e-01	3.667949451576689446e-02	0
114.7174144	0.958338341	3.665130839	0.028791525	0.29610296	65.0622	81.9001	116.783	33.3039	41.0278	49.4556	1109.15	1683.28	2445.86	1.55841	1.01686	0.36801	9.82782	110.426	116.783	13.4593	32.4396	49.4554	181.153	1052.33	2445.84	11.3936	-0.431436	0.368018	3.799360000000000000e+05	2.021312727611400406e-01	1.612813066474303933e-02	0
73.67718245	0.97029377	3.094491045	0.039423854	0.361033256	67.4545	73.6815	111.675	31.7088	37.2767	53.0994	1005.45	1389.55	2819.54	1.5787	1.38568	0.711477	44.5982	96.6987	111.831	70.3567	34.3567	52.9	4950.06	1180.38	2798.41	1.24368	-0.455162	0.726741	1.289945000000000000e+06	1.715334483467135518e-01	3.074547371862866932e-02	0
52.39452328	0.956228018	2.591886097	0.036253851	0.357538048	56.0049	80.2272	154.86	27.1391	25.8605	17.5379	736.531	668.765	307.578	0.793296	0.558041	-0.0807269	7.39316	166.146	154.86	2.69372	34.1355	17.5379	7.25611	1165.23	307.578	36.385	-0.507413	-0.0807269	7.422850000000000000e+05	1.746559416176569901e-01	2.646773523026467803e-02	0
55.02630046	0.963085031	2.82030555	0.038105093	0.356086731	59.2299	61.2608	90.1179	27.4566	29.0787	32.503	753.864	845.572	1056.44	1.09099	1.00343	0.467667	65.7201	94.4853	90.203	80.9538	33.2688	32.4768	6553.52	1106.82	1054.75	0.579651	-0.275023	0.468888	4.877280000000000000e+05	2.099891407056162784e-01	2.279086709604781838e-02	0
32.28412473	0.972479154	1.70829526	0.043874093	0.48639588	79.839	76.2666	133.289	24.2969	24.7995	29.9894	590.338	615.013	899.367	0.53871	0.600854	-0.0617444	117.858	114.228	133.294	81.8365	19.305	29.9906	6697.2	372.682	899.435	-0.706608	-0.105656	-0.0614708	1.423681000000000000e+06	2.199975402522693635e-01	1.480098542220849647e-02	1
69.16103215	0.971349664	3.414522677	0.026727545	0.33143937	83.5862	78.6674	110.67	37.9233	34.8596	46.0845	1438.18	1215.19	2123.78	0.51301	0.495309	-0.0169303	108.657	81.8007	112.925	73.7641	34.0404	45.6103	5441.14	1158.75	2080.3	-0.617087	0.585931	-0.0439409	1.735590000000000000e+06	1.707455285846290194e-01	3.458823638461859529e-02	1
47.07968046	0.966264302	2.610418326	0.037573473	0.361809302	50.5093	63.9336	108.346	22.0935	27.8246	39.8012	488.122	774.211	1584.14	0.715527	0.478996	-0.31168	15.4306	133.296	108.421	35.3863	34.1915	39.6662	1252.19	1169.06	1573.41	4.0949	-0.942129	-0.301684	4.470230000000000000e+05	2.019423639042430274e-01	1.869881217117752223e-02	1
61.89562465	0.967632619	3.569650137	0.027188207	0.300853757	67.6768	76.8509	114.853	30.2089	31.3704	48.1056	912.575	984.099	2314.15	0.305376	0.377759	0.442996	35.9411	100.98	115	61.0506	50.8554	47.989	3727.18	2586.27	2302.95	1.69474	0.0632905	0.444412	9.691350000000000000e+05	2.206523290219335465e-01	7.505177596224353771e-03	1
50.73009827	0.971708422	2.972394556	0.028521692	0.314145378	59.4664	89.6004	138.906	28.6639	31.0522	29.9776	821.621	964.238	898.657	0.283142	-0.0593838	-0.743455	11.3281	151.296	138.906	3.82308	33.0866	29.9776	14.6159	1094.72	898.657	22.2027	-0.0701914	-0.743455	8.295590000000000000e+05	2.015927465650702299e-01	8.059504482587520613e-03	1
55.45006277	0.951229019	3.110243476	0.039501737	0.320627186	33.1684	63.5847	153.998	24.3587	26.8812	25.0892	593.344	722.599	629.468	2.3074	1.78118	0.647314	7.48822	203.301	153.998	1.55755	27.749	25.0892	2.42596	770.006	629.468	-0.0344843	-1.70617	0.647314	9.802830000000000000e+05	2.379072749283892008e-01	1.719558113317554496e-02	1
77.02261504	0.970609955	3.905776504	0.024518636	0.287568958	83.6549	71.9445	157.282	38.779	38.592	27.0669	1503.81	1489.34	732.618	-0.089518	0.0180845	-0.766653	155.794	142.341	157.297	54.0969	54.5153	27.0818	2926.47	2971.92	733.422	-2.48724	0.429114	-0.764007	1.028129000000000000e+06	1.675978082862305263e-01	1.209520552442118306e-02	1
53.65666922	0.980805307	4.09399949	0.024304371	0.275674538	117.159	111.245	169.432	39.2726	36.7851	42.5437	1542.34	1353.14	1809.97	-0.508931	-0.539889	-0.524059	116.193	100.015	152.979	79.8997	37.3953	39.1678	6383.97	1398.41	1534.12	-0.707996	0.697596	-0.331559	1.535538000000000000e+06	8.604077050213748690e-01	4.430381811361375384e-03	1
32.64512566	0.971089815	2.109430453	0.043631885	0.418639399	53.0104	49.9697	82.3589	25.2859	23.5296	39.6667	639.376	553.644	1573.44	1.15673	1.03806	0.370041	120.27	95.9515	82.5699	77.915	31.0586	39.5166	6070.74	964.636	1561.57	-0.827934	-0.521794	0.373272	7.802960000000000000e+05	1.930443537572484880e-01	4.642164858435609415e-02	1
22.82305123	0.990067648	2.513488605	0.028008682	0.338091363	103.702	130.417	192.414	44.0198	32.3317	20.0039	1937.74	1045.34	400.155	0.0389565	-0.228803	-0.848421	9.79786	150.338	182.368	2.64371	32.9486	17.8523	6.98919	1085.61	318.706	32.0569	-0.03116	-0.915615	1.627467000000000000e+06	8.677193173503434664e-01	5.387539046270792970e-03	1
33.80414276	0.988855543	3.529398777	0.022174385	0.264475379	70.4014	99.5526	160.331	38.9922	40.0261	30.5546	1520.39	1602.09	933.582	0.0137942	-0.0965414	-0.334801	9.01419	167.679	146.924	5.55276	44.3699	26.5918	30.8331	1968.69	707.123	25.1446	0.122043	0.00548653	1.015240000000000000e+06	6.270306042028910287e-01	3.475085346476575448e-03	1
49.80760486	0.967408566	2.796361906	0.036550816	0.349242049	31.352	59.4138	110.493	21.3638	30.1904	35.2426	456.411	911.46	1242.04	0.594339	0.208258	-0.297237	10.3271	189.32	110.493	4.33497	30.3036	35.2426	18.792	918.307	1242.04	23.056	-0.285691	-0.297237	2.407230000000000000e+05	1.897264333555579441e-01	2.048800229330725170e-02	1
49.26505907	0.972394686	2.957372473	0.028393091	0.313883126	57.539	86.67	124.959	28.042	31.3218	34.2677	786.351	981.057	1174.28	0.595286	-0.0103374	-0.797734	12.8924	141.767	124.96	5.8239	32.0117	34.2674	33.9178	1024.75	1174.26	20.7712	-0.348338	-0.79758	1.150918000000000000e+06	2.191648299384785781e-01	6.250152975772134238e-03	1
44.81531812	0.946840575	2.669699298	0.036513111	0.336539191	86.8051	128.605	172.964	26.3466	19.3776	12.948	694.141	375.492	167.652	-0.197407	-0.418229	-0.506818	14.4975	129.153	172.964	1.66055	30.9001	12.948	2.75741	954.813	167.652	0.233033	0.384097	-0.506818	1.528747000000000000e+06	2.154897989670887248e-01	5.235663693907805123e-03	1
64.52736077	0.927571912	3.467132797	0.031671391	0.284893696	58.6302	81.9588	162.512	23.8308	21.4552	18.3119	567.907	460.324	335.325	0.353967	0.0350247	-0.706054	6.73866	165.691	162.512	3.79793	28.7266	18.3119	14.4243	825.216	335.325	36.464	-0.12486	-0.706054	3.014820000000000000e+05	1.893163773491746416e-01	1.201815658881911532e-02	1
98.02137544	0.962395057	4.100333155	0.030276991	0.273343542	60.6467	69.9143	89.43	36.4094	39.2637	56.8743	1325.64	1541.64	3234.68	1.81211	1.77885	1.306	40.6864	80.668	92.3854	44.5122	53.84	55.899	1981.34	2898.75	3124.7	1.42725	0.565695	1.28503	1.455915000000000000e+06	2.025746806801616007e-01	1.321987539887555180e-03	1
64.6361946	0.95969075	3.507661981	0.032093754	0.300129875	43.636	68.7453	129.034	25.344	31.0569	36.9892	642.319	964.533	1368.2	1.39598	1.01227	0.112545	8.95954	171.737	129.035	8.06654	31.9133	36.9894	65.0691	1018.46	1368.22	18.331	-0.962412	0.112737	8.923120000000000000e+05	1.606333423834220842e-01	2.063922978809456729e-02	1
97.62951095	0.944578193	2.608397181	0.037334448	0.438465745	67.266	81.3131	138.844	24.9107	31.9512	44.4583	620.541	1020.88	1976.54	0.930898	0.374841	-0.251149	27.5979	130.825	138.844	57.3624	21.308	44.4583	3290.44	454.032	1976.54	2.23009	-0.156025	-0.251149	1.728000000000000000e+05	2.157057443001702823e-01	1.905915274364792730e-02	1
92.55322111	0.974098086	2.726132835	0.073153239	0.45639438	49.3372	44.1868	111.397	39.0455	46.7291	48.7892	1524.55	2183.61	2380.38	0.822228	0.754189	0.594263	120.356	186.023	111.399	78.9363	57.4182	48.7905	6230.95	3296.85	2380.51	-0.792616	-0.289772	0.594218	1.879960000000000000e+05	1.431467518763619717e-01	1.061755146262188506e-03	1
44.97358676	0.983063981	3.344988092	0.025303775	0.283847809	70.2688	103.979	192.058	39.778	36.8301	26.704	1582.29	1356.46	713.103	0.500557	0.073442	-0.4414	26.3793	129.967	191.804	53.5119	71.397	60.4361	2863.53	5097.53	3652.52	2.40007	-0.276863	-1.90174	2.762590000000000000e+05	7.222190400359757012e-01	3.292263366255967095e-03	1
111.9986173	0.965675617	4.238284579	0.031169905	0.300853394	39.1657	54.8025	116.44	36.1689	43.6795	62.0791	1308.19	1907.9	3853.82	1.38415	0.789203	0.0695059	35.8418	181.44	116.454	64.6028	37.4466	62.0794	4173.53	1402.24	3853.85	1.68683	-0.617945	0.0691247	2.770510000000000000e+05	1.722708561907665414e-01	1.573467111776895300e-02	1
151.8449554	0.93780359	3.676193048	0.027884772	0.319623984	127.358	137.719	207.749	44.702	33.7048	19.7039	1998.27	1136.02	388.243	-0.246014	-0.670245	-1.32343	42.3967	104.615	207.749	70.4764	41.3578	19.704	4966.92	1710.47	388.246	1.34212	0.616819	-1.32341	2.525380000000000000e+05	1.942600884012750662e-01	1.420811536716676780e-02	1
118.4658213	0.969566767	3.309921524	0.058485086	0.389173337	48.7666	58.8945	133.858	41.0114	47.4605	56.1707	1681.94	2252.5	3155.15	0.547574	0.364719	-0.0233182	41.5809	184.824	133.858	70.5564	50.9155	56.1707	4978.21	2592.39	3155.15	1.37112	0.00702897	-0.0233182	1.430020000000000000e+05	1.758914784680073451e-01	5.193675776627746515e-02	1
114.3949803	0.940142669	3.728040259	0.029218261	0.31623343	61.9743	68.683	135.284	27.9831	33.1211	44.1753	783.051	1097.01	1951.46	0.434246	0.401344	0.00507892	46.9812	146.136	135.284	74.3408	24.8381	44.1753	5526.55	616.933	1951.46	1.13994	0.53947	0.00507892	1.343150000000000000e+05	1.574377141287239545e-01	1.021944431771522506e-02	1
171.3759198	0.95874025	4.076406325	0.097292178	0.422001625	34.2778	41.1691	120.044	46.858	51.0298	64.7708	2195.68	2604.04	4195.26	1.17025	0.905124	0.268188	35.6973	210.021	120.052	68.506	55.284	64.7554	4693.07	3056.32	4193.26	1.58777	-0.894196	0.269285	7.431300000000000000e+04	1.676684270026240209e-01	6.283389154925678524e-03	1
199.9670883	0.949347121	5.036063867	0.021412717	0.247193082	82.7126	88.0991	157.164	51.2777	46.0415	44.5628	2629.4	2119.82	1985.85	0.458703	0.450514	-0.241078	44.0017	136.865	157.164	72.1792	44.2527	44.5628	5209.83	1958.3	1985.85	1.24358	-0.242511	-0.241078	1.188900000000000000e+05	1.736583935299648718e-01	1.209613108479043811e-02	1
111.3863314	0.97948572	4.91983955	0.018567459	0.237768368	114.115	152.073	218.609	54.5284	53.5317	37.6272	2973.35	2865.64	1415.8	0.0393581	-0.0800197	-1.05195	18.5482	144.939	198.15	38.1023	44.0174	40.8059	1451.79	1937.53	1665.12	3.79563	-0.31823	-0.369451	1.603770000000000000e+05	6.899910794146003612e-01	5.159865482106108792e-02	1
88.25952309	0.904334792	2.509309016	0.043063882	0.4335442	66.2283	70.3679	159.92	21.4612	21.7689	36.3399	460.581	473.883	1320.59	0.473389	0.328763	0.0651949	33.0494	152.501	159.92	67.278	15.4625	36.3399	4526.33	239.09	1320.59	1.68375	-0.2165	0.0651949	1.057640000000000000e+05	1.484726796118331082e-01	1.211433448754134327e-02	1
132.1846522	0.955816036	3.514274257	0.025864248	0.32773379	80.3252	99.4982	188.321	43.9986	40.2102	32.429	1935.87	1616.86	1051.64	0.499033	0.0734461	-0.887256	13.1003	153.369	188.321	35.2475	44.4075	32.429	1242.39	1972.03	1051.64	4.3506	-0.218944	-0.887252	2.588170000000000000e+05	2.066150276924163531e-01	5.164063754066847145e-03	1
78.51932074	0.958719086	2.871838442	0.044804301	0.381857545	38.5898	55.0135	134.856	27.4336	34.483	47.8968	752.603	1189.08	2294.1	1.75558	1.13696	0.309419	8.74757	186.437	134.856	26.4629	24.78	47.8968	700.284	614.047	2294.1	6.19661	-1.13492	0.309419	2.163190000000000000e+05	1.869105934728118035e-01	3.551465032126045057e-02	1
142.6256553	0.942655592	3.37249326	0.027119575	0.339997799	110.92	108.967	166.939	36.7574	35.9127	38.7711	1351.1	1289.72	1503.2	0.146945	0.00726666	-0.248733	95.2803	97.0888	166.939	85.6772	22.5786	38.7711	7340.58	509.792	1503.2	-0.152556	0.246072	-0.248733	1.482920000000000000e+05	1.851878463459582791e-01	4.263020171564755462e-02	1
106.8509669	0.920643271	3.028939007	0.033971298	0.363063694	71.5713	90.5975	161.559	29.4043	26.1388	21.9739	864.611	683.239	482.853	0.35683	0.0489923	-0.41225	6.67172	146.066	161.559	8.32399	32.0076	21.9739	69.2889	1024.48	482.853	19.7416	-0.271076	-0.41225	1.314450000000000000e+05	1.797454998809437932e-01	7.289184216859052184e-03	1
135.5437042	0.930913595	2.554763844	0.057099244	0.509199134	90.3816	71.4773	124.976	29.2628	33.3741	49.0042	856.311	1113.83	2401.41	0.95602	0.694684	0.452613	166.475	112.876	125.089	12.4501	12.9713	48.8782	155.005	168.254	2389.08	-7.68745	-0.244461	0.458204	9.620500000000000000e+04	2.401468140664827500e-01	2.367077455444809020e-03	0
60.16936615	0.967510644	2.464110814	0.036372938	0.410544568	80.5332	93.4703	205.686	28.0431	30.4246	40.2599	786.417	925.658	1620.86	-0.528522	-0.955759	-2.22233	13.0479	159.053	205.686	40.0605	23.4802	40.2597	1604.84	551.321	1620.84	3.83385	0.471017	-2.22234	4.710450000000000000e+05	1.967944219548325158e-01	1.586627638929095918e-02	0
88.63130302	0.963764706	2.399613865	0.03494063	0.440818546	91.1729	91.9507	167.215	24.4718	38.8594	48.5353	598.869	1510.05	2355.67	0.463896	0.363274	0.023836	76.6144	130.644	167.23	81.9068	19.2731	48.5126	6708.72	371.454	2353.47	0.264104	1.26639	0.0252727	3.378180000000000000e+05	2.435803834730001227e-01	8.561787265612847211e-03	0
75.53639724	0.950745568	2.894578526	0.031637414	0.362599154	52.848	102.037	210.227	37.1814	27.1405	18.9663	1382.46	736.605	359.72	0.315337	0.186117	-0.0754092	9.23581	194.122	210.227	1.87485	39.6577	18.9663	3.51508	1572.73	359.72	26.0754	-0.0804349	-0.0754092	4.253320000000000000e+05	2.460037731678774153e-01	1.067260934262707038e-02	0
79.06947752	0.965838059	2.809424716	0.030302741	0.375384652	69.5424	96.2796	192.176	27.2293	36.028	43.7341	741.435	1298.02	1912.67	0.0945018	-0.257658	-0.77591	11.655	165.617	192.176	29.7981	21.4289	43.7341	887.926	459.197	1912.67	5.37263	0.209634	-0.77591	2.937900000000000000e+05	2.055276924837023400e-01	2.054124102182334696e-02	0
95.79012281	0.913370275	2.452349365	0.045788757	0.430976025	81.0479	95.792	175.268	26.2584	25.1786	24.5632	689.503	633.96	603.352	1.11547	1.03096	0.647197	6.61785	139.455	175.268	18.9832	22.6773	24.5632	360.362	514.261	603.352	8.86878	-0.49952	0.647197	2.244700000000000000e+05	2.457779669203658535e-01	2.821326520017875851e-03	0
167.6923057	0.888699788	2.894505534	0.041904644	0.422465556	101.685	104.837	173.063	27.8909	28.7233	32.3485	777.901	825.025	1046.42	0.82062	0.568373	0.23393	44.8032	109.534	173.063	74.9532	17.1585	32.3485	5617.98	294.414	1046.42	1.19071	-0.171473	0.23393	7.696700000000000000e+04	3.054574954041319179e-01	1.440899269608557874e-02	0
35.48982321	0.964988396	3.287453768	0.032651442	0.317672526	70.2941	103.912	215.973	27.5455	21.5646	18.4708	758.755	465.031	341.169	0.454073	0.177303	-0.456278	18.0802	159.85	221.585	42.9301	41.0453	22.0461	1842.99	1684.72	486.033	3.39373	-0.771879	-0.40096	9.080450000000000000e+05	8.088422891977332663e-01	9.884882514644579773e-03	0
61.14206342	0.957206754	3.291447074	0.031473622	0.328356589	65.9704	80.5365	189.607	30.8443	26.758	21.9053	951.371	715.989	479.842	-0.132149	-0.332504	-0.335291	9.86314	170.125	189.607	32.4958	33.5887	21.9053	1055.98	1128.2	479.842	4.98295	0.637377	-0.335291	5.684340000000000000e+05	2.280151746650061761e-01	6.560995255786556887e-03	0
129.6688819	0.949811888	5.70006145	0.018802682	0.192637621	63.0597	79.577	156.723	33.1807	38.4609	40.6687	1100.96	1479.24	1653.94	0.523535	0.36623	0.0992421	9.40919	159.472	156.723	26.9469	30.8931	40.6687	726.136	954.384	1653.94	6.03597	0.328434	0.0992421	1.914770000000000000e+05	2.077604280336199927e-01	3.852679802328787262e-02	0
67.26103627	0.968791797	3.381748622	0.075554794	0.400878236	26.9111	35.9024	132.551	27.0974	36.643	43.9443	734.27	1342.71	1931.1	0.898604	0.595103	0.068208	51.5122	218.249	132.551	77.5674	37.7426	43.9443	6016.7	1424.5	1931.1	0.998981	-0.602226	0.068208	2.095160000000000000e+05	1.763555918441732651e-01	3.973519562277976619e-02	0
72.70848607	0.955568415	3.246751674	0.032013377	0.35611339	105.67	81.1239	138.662	26.2241	30.9977	34.8274	687.706	960.858	1212.95	-0.597492	-0.0382779	0.421673	141.574	113.655	140.465	54.341	32.0055	34.1139	2952.94	1024.35	1163.76	-2.0538	1.82859	0.35305	5.932250000000000000e+05	1.984183847928533417e-01	1.807706304694594451e-02	0
98.94384431	0.927791471	2.741011854	0.036730929	0.395350637	103.794	87.4575	151.077	23.5039	28.4287	33.6835	552.435	808.19	1134.58	0.0263561	0.411734	0.394916	142.802	111.147	151.079	61.6091	20.0237	33.6828	3795.68	400.949	1134.53	-1.84026	0.765551	0.394871	1.785490000000000000e+05	2.069436030364556200e-01	2.055749327173102964e-02	0
92.41478183	0.967420579	3.666531023	0.024677468	0.297535569	52.0806	83.0826	173.342	35.4507	39.9024	42.3149	1256.76	1592.2	1790.55	0.862321	0.264626	-0.412848	7.67789	184.769	173.342	6.90492	34.1516	42.3149	47.678	1166.33	1790.55	22.5559	-0.731969	-0.412848	3.398790000000000000e+05	1.639377874339192909e-01	1.037055584867752241e-02	0
88.80343034	0.967982479	3.842271847	0.023832167	0.286318281	57.8151	82.7937	171.208	37.2381	38.604	40.3579	1386.68	1490.27	1628.76	0.70679	0.237745	-0.405952	6.6132	176.092	171.208	5.56329	35.8609	40.3579	30.9501	1286	1628.76	28.0747	-0.556323	-0.405952	3.606750000000000000e+05	1.807204088975495893e-01	1.685156815541825892e-02	0
109.7200264	0.910612997	2.291889	0.085683117	0.520029247	68.5013	59.7102	104.094	22.9245	29.0938	35.8143	525.532	846.448	1282.67	1.26635	1.43998	1.3392	142.165	115.463	104.094	63.6681	15.8549	35.8143	4053.63	251.378	1282.66	-1.72749	-0.902203	1.33919	8.950400000000000000e+04	2.387127046885602621e-01	6.701754786559955927e-03	0
92.59470022	0.953629633	3.148763866	0.050486396	0.355660736	39.8692	48.8619	101.522	25.1226	36.7577	56.0911	631.145	1351.13	3146.21	1.57329	1.30185	0.779583	64.0669	158.324	101.522	81.0036	24.6999	56.0911	6561.59	610.084	3146.21	0.641997	0.274262	0.779583	1.200890000000000000e+05	2.505444656337602605e-01	4.060044584205663512e-03	0
120.1218618	0.965484535	3.011807213	0.108944359	0.469920696	42.3147	36.9025	103.931	45.5052	46.4732	52.094	2070.72	2159.76	2713.78	1.18773	1.15654	0.975331	112.719	195.686	103.931	83.7592	60.8586	52.094	7015.61	3703.77	2713.78	-0.583001	-0.522648	0.975331	1.253790000000000000e+05	2.257610621767331405e-01	9.919490458278834577e-03	0
62.04403288	0.962323558	2.905875317	0.032716147	0.360477781	84.2392	108.583	198.936	33.4017	28.2841	22.393	1115.67	799.989	501.445	-0.321305	-0.362476	-0.587735	6.39571	150.566	198.936	4.95459	33.9569	22.393	24.5479	1153.07	501.446	31.2205	0.814079	-0.587726	9.169260000000000000e+05	1.674972555464122881e-01	2.066406795195711507e-02	0
37.23429086	0.989498643	2.357198553	0.028610079	0.388170225	73.6683	104.517	205.484	46.7181	42.6727	27.6518	2182.58	1820.96	764.621	1.13597	0.983357	-0.293511	7.18647	168.704	205.484	2.59062	45.1992	27.6518	6.71132	2042.97	764.622	26.703	-1.06743	-0.293508	1.401507000000000000e+06	4.083831641311642668e-01	2.088571821943319140e-02	0
70.1156838	0.965022837	3.072453379	0.040660931	0.339756122	47.641	58.5808	135.779	32.8343	35.0317	35.7567	1078.09	1227.22	1278.54	2.25034	1.63404	0.636788	9.09091	172.103	135.779	30.6668	30.8851	35.7567	940.451	953.886	1278.54	5.30013	-1.90171	0.636788	6.803750000000000000e+05	2.365797225966955741e-01	4.806367399672266394e-03	0
81.75792938	0.963198797	3.317714335	0.026892884	0.311255272	97.229	112.976	204.001	39.9217	33.9387	23.6759	1593.74	1151.83	560.55	0.113499	0.436238	-0.0555681	13.2369	137.502	204.002	38.2174	38.4565	23.6764	1460.57	1478.9	560.572	4.05566	0.456189	-0.0554633	8.732680000000000000e+05	2.064542176285041608e-01	1.254768940577472708e-02	0
115.985037	0.96249687	3.678741798	0.030974697	0.323132855	45.5893	77.9784	153.411	31.6986	43.6838	48.0168	1004.8	1908.28	2305.62	1.10609	0.418287	-0.0534293	9.18107	185.899	153.411	11.9094	28.8939	48.0168	141.834	834.857	2305.62	13.0083	-0.941769	-0.0534293	1.923180000000000000e+05	1.668064676274005065e-01	1.443159403275532868e-02	0
89.99527125	0.960500116	3.88123521	0.026040241	0.283543703	92.8761	107.959	208.141	41.0223	33.2808	26.2708	1682.83	1107.61	690.154	1.10229	0.855582	-0.478609	14.2702	145.89	208.142	39.9487	34.3564	26.2705	1595.9	1180.36	690.138	3.7	-0.680988	-0.478334	6.376210000000000000e+05	4.119199807944687874e-01	2.788135201442369909e-03	0
49.27470264	0.977553536	3.033393653	0.028612256	0.34465722	83.2914	114.781	210.888	40.1663	32.1764	23.3768	1613.33	1035.32	546.473	0.397292	0.317963	-0.246227	8.10838	158.287	210.888	12.0582	38.8682	23.3768	145.401	1510.73	546.473	13.7559	0.0796333	-0.246227	1.006080000000000000e+06	2.654473404237842615e-01	2.028054249700048106e-02	0
104.1579045	0.949203606	4.808437362	0.021821233	0.229690832	53.6559	73.6052	177.037	31.9347	33.9388	32.9568	1019.83	1151.84	1086.15	0.50614	0.166173	0.0122027	9.28354	183.202	177.037	27.4012	33.7209	32.9568	750.828	1137.1	1086.15	5.96114	0.0775808	0.0122027	1.949830000000000000e+05	1.969644464280894125e-01	2.723830653771437595e-03	0
134.090365	0.949620637	3.403776856	0.040603885	0.356660651	49.2875	57.711	128.281	31.6705	42.0319	53.5136	1003.02	1766.68	2863.7	1.12903	0.780239	0.359231	55.3682	171.533	128.281	77.7619	26.6026	53.5136	6046.92	707.697	2863.7	0.879978	-0.661812	0.359231	7.612600000000000000e+04	2.144997323087406149e-01	3.256101827184413808e-03	0
113.1638314	0.952103119	4.029323994	0.026166936	0.267447997	53.177	78.4077	161.924	36.8753	37.2716	40.5081	1359.79	1389.17	1640.91	1.52954	0.836036	0.251254	7.56505	177.592	161.924	12.9223	33.7164	40.508	166.985	1136.8	1640.9	12.6997	-1.24314	0.251278	2.324590000000000000e+05	2.144507321077110118e-01	1.051851528955340988e-02	0
197.6519733	0.93781537	4.206069213	0.022520764	0.27282449	88.4001	122.688	204.849	47.9818	40.8921	31.1457	2302.26	1672.16	970.055	0.524888	-0.0190475	-0.309652	11.0637	151.027	204.849	20.5482	44.8825	31.1457	422.228	2014.44	970.055	7.86275	-0.185668	-0.309652	1.493490000000000000e+05	1.820753735012223262e-01	1.408373819531633792e-02	0
168.7803761	0.955154399	4.483308967	0.083516259	0.391159516	30.9284	43.3827	118.155	43.8599	49.4327	52.1258	1923.69	2443.59	2717.1	1.43667	0.934712	0.178577	28.2567	209.233	118.166	59.6621	58.0966	52.1012	3559.57	3375.22	2714.54	2.09058	-1.17192	0.181344	1.464440000000000000e+05	1.614188434011287754e-01	3.213684800897363691e-02	0
139.9187685	0.952325405	4.835534164	0.020631205	0.236235292	103.778	128.245	205.305	46.651	38.0106	26.0193	2176.31	1444.81	677.001	0.0768695	-0.259715	-0.584869	13.2633	131.356	205.305	31.7392	44.9052	26.0193	1007.37	2016.48	677.001	4.86901	0.233386	-0.584869	3.742690000000000000e+05	1.998798724098053980e-01	1.959100124657331757e-02	0
95.81692028	0.948164211	2.958109998	0.033641358	0.364475938	77.7389	98.2646	157.274	27.0845	33.0617	40.6713	733.572	1093.07	1654.16	1.2717	0.626421	0.181023	11.2539	129.676	157.274	26.0337	20.7319	40.6713	677.755	429.813	1654.16	6.16923	-0.613929	0.181023	2.619440000000000000e+05	2.184310760517296224e-01	2.765944405283643232e-03	0
116.4809715	0.93659375	3.941183268	0.026772177	0.282772168	77.3303	108.418	193.304	31.2736	32.2651	25.9391	978.041	1041.03	672.835	0.801298	0.467981	-0.172574	8.07543	156.339	193.304	2.74809	27.8535	25.9391	7.55202	775.816	672.835	42.4929	-0.570354	-0.172574	3.060500000000000000e+05	1.832152629910441255e-01	5.588802040927102338e-02	0
84.34004388	0.964910907	3.895608113	0.024957166	0.271510504	50.945	68.5664	166.248	34.2377	36.4277	38.1026	1172.22	1326.98	1451.81	0.695172	0.50841	0.120471	4.97358	184.272	166.248	8.81242	34.6205	38.1026	77.6587	1198.58	1451.81	19.1638	-0.234891	0.120471	2.519370000000000000e+05	2.116643907236238631e-01	7.928020648232276049e-03	0
199.0240961	0.938598847	4.922448021	0.033462956	0.348978562	101.656	114.97	213.034	43.1865	39.9939	37.3648	1865.08	1599.51	1396.13	-0.745723	-1.01313	-1.37898	23.4942	140.8	213.034	54.7719	39.4362	37.3648	2999.96	1555.21	1396.13	2.45795	1.18266	-1.37898	2.010940000000000000e+05	1.828502860621194492e-01	4.246932546340280445e-02	0
318.9492873	0.935896369	7.322183801	0.014932641	0.168530701	98.3799	132.252	200.115	68.936	48.9996	29.8368	4752.17	2400.96	890.236	0.388431	-0.017732	-0.266037	26.8286	141.122	200.233	48.517	68.4588	30.0053	2353.9	4686.61	900.319	2.53855	-0.0373327	-0.249058	7.793300000000000000e+04	2.224493223416318666e-01	1.421215783113539619e-02	0
158.3013394	0.954715496	4.082781288	0.032646914	0.298819994	66.6534	71.1498	153.842	50.4573	43.8923	43.4674	2545.94	1926.53	1889.41	1.21235	0.736345	0.328501	39.4273	160.025	153.842	70.372	41.0594	43.4674	4952.22	1685.87	1889.41	1.39637	-0.839473	0.328501	9.396300000000000000e+04	2.496353529854907216e-01	9.878848408528376895e-03	0
92.3648216	0.955611685	3.216119513	0.028429962	0.31553686	69.0839	85.6108	167.016	31.3853	34.8844	33.4111	985.035	1216.92	1116.3	0.953609	0.659723	0.195823	7.27223	154.284	167.016	19.8751	26.1835	33.4111	395.018	685.574	1116.3	8.40578	-0.667698	0.195823	3.171570000000000000e+05	2.205689507724123422e-01	2.351601340822495959e-02	0
98.61924981	0.938477906	4.00730299	0.025874725	0.261423139	75.0533	95.971	191.485	28.7454	29.6389	26.688	826.299	878.465	712.25	0.630709	0.429612	0.0095337	5.54527	158.208	191.485	5.50165	24.5	26.688	30.2682	600.251	712.25	29.8568	-0.445754	0.0095337	2.902270000000000000e+05	2.051159103799237438e-01	8.657221776708544370e-03	0
38.04381933	0.989521007	2.977376311	0.026342609	0.336082917	77.1822	94.506	176.084	39.3729	43.5227	43.285	1550.23	1894.22	1873.59	0.483787	0.175799	-0.314627	42.1062	124.123	192.236	70.4446	53.9452	48.3413	4962.45	2910.09	2336.88	1.36034	-0.415122	-0.507075	3.752490000000000000e+05	7.983734784865321732e-01	2.817112501318353238e-02	0
153.2326576	0.962933119	3.725631653	0.069986507	0.365003127	44.0014	53.451	139.624	45.4376	50.2459	54.3782	2064.57	2524.65	2956.99	1.11099	0.677205	0.435043	43.4853	195.664	139.624	73.1831	50.2537	54.3782	5355.77	2525.43	2956.99	1.29607	-0.559507	0.435043	6.872300000000000000e+04	2.720628196873589588e-01	5.059975593058904479e-03	0
73.11781967	0.955383483	2.80390026	0.049883265	0.385001215	39.4426	60.7298	146.861	26.1628	31.9104	35.9844	684.494	1018.27	1294.88	1.6488	1.00665	0.438655	5.78074	191.057	146.861	5.29783	25.4255	35.9844	28.067	646.454	1294.88	27.3997	-1.42604	0.438655	2.220100000000000000e+05	2.232902795661568240e-01	2.355304490852466390e-02	0
